10

1
0
10
1
18193.9
160569
30.9997
371.997
50
50
10

1
1
7
1
695.953
812.527
-0.575
-1.41139
50
50
-200

1
1
10
1
20514
160569
30.9997
371.997
50
50
10

1
1
7
1
-3123.35
17152
-15.7999
127.666
50
50
-200

1
1
10
1
20414
160569
30.9997
371.997
50
50
10

2
0
10
3
723.361
745
-nan
-nan
65
60
250
1
-0.98231
0.187262
30.5
40

2
0
10
3
723.361
745
-nan
-nan
65
60
250
1
-0.98231
0.187262
30.5
40

2
0
10
3
57.5
822.191
-nan
-nan
65
60
250
1
-0.992195
0.124699
41
40

2
0
10
3
723.361
745
-nan
-nan
65
60
250
1
-0.98231
0.187262
30.5
40

2
0
9
3
436.695
755
-nan
-nan
65
60
250
1
-0.95159
0.307372
29.5
40
