10

1
1
10
1
4603.96
727.8
-4.37501
4.00001
50
50
-200

1
1
10
1
722.253
-3380.39
-2.375
-38.8001
50
50
-200

1
1
10
1
7683.31
6599.68
5.70001
68.3999
50
50
10

1
1
7
1
458.065
774.63
-3.1
7.80001
50
50
-200

1
1
10
1
7583.31
6599.68
5.70001
68.3999
50
50
10

2
0
10
3
1411.34
595.996
-nan
-nan
65
60
250
1
-0.998982
-0.0451152
10
40

2
0
10
3
1411.34
595.996
-nan
-nan
65
60
250
1
-0.998982
-0.0451152
10
40

2
1
10
3
1800
600
0
1.19209e-08
65
60
250
0
1
1
1
40

2
0
10
3
1411.34
595.996
-nan
-nan
65
60
250
1
-0.998982
-0.0451152
10
40

2
0
10
3
57.5
580.498
-nan
-nan
65
60
250
1
-0.999737
-0.0229449
25.5
40

