000000000000000000000000000000000000000000000000000000000000000000000000000000000000000000000000000000000000000000000000000000
0                                                                                              0                             0
0                                                                                              0                             0
0                                                                                              0                             0
0                                                                                              0                             0
0                                                                                              0                             0
0                                                                                              0                             0
0                                                                                              0                             0
0                                                                                              0                             0
0                                                                                              0                             0
0                                                                                              0                             0
0                                                                                              0                             0
0                                                                                              0                             0
0
0                                                                                 0           0   0                            0     
0                                 0000000         000      0   00                 0           0   0                            0      
0              000000          00                               0    00           0           0   0                           50      
0                00    000   0000    120120120120                        0       00            0   0                         50          
0000000000000000000000000000000000000000000001111111111110000000000000000111115551000000000000000000000555000000000000000000000
000000000000000000000000000000000000000000000000000000000000000000000000000000000000000000000000000000000000000000000000000000000000
000000000000000000000000000000000000000000000000000000000000000000000000000000000000000000000000000000000000000000000000000000000000
000000000000000000000000000000000000000000000000000000000000000000000000000000000000000000000000000000000000000000000000000000000000
000000000000000000000000000000000000000000000000000000000000000000000000000000000000000000000000000000000000000000000000000000000000