2

3
1
50
0
638.846
683.097
0.1911
-0.625375
50
50
119
6

4
1
1
515.857
636.217
-0.0333333
0.1
10
818
0

4
1
1
589.522
268.9
0.1
0.34
10
813
0

4
1
1
424.523
380.484
-0.2
-0.366667
10
818
0

4
1
1
197.796
692.168
-0.726172
0.384098
10
763
0

4
1
1
210.31
252.618
0.21
-0.6
10
813
0

4
1
1
588.922
380.484
0.1
-0.366667
10
818
0

3
1
50
0
212.5
419.953
0
-0.596095
50
50
119
6

4
1
1
330
393.332
0.25
-0.366667
10
813
0

4
1
1
253.93
267.295
0.11
0.423
10
803
0

4
1
1
214.66
301.998
0.04
-0.533333
10
813
0

4
1
1
197.507
264.48
1.37781e-05
0.34
10
768
0

4
0
1
197.5
255.25
0
0.35
10
-2
0

4
1
1
285.566
466.398
0.133333
-0.233333
10
818
0

