3

3
1
1
0
1031.51
208.023
0.41405
-2.33057
50
50
274
6

4
1
0
1013.39
250.879
-0.233333
-0.8
10
173
0

4
1
0
1032.05
275.145
0.433333
0.0666667
10
173
0

4
1
0
996.588
275.145
-0.833333
0.0666667
10
173
0

4
1
0
1028.32
244.345
0.3
-1.03333
10
173
0

4
1
0
1032.05
246.212
0.433333
-0.966667
10
173
0

4
1
0
1029.25
278.879
0.333333
0.2
10
173
0

3
1
1
0
332.752
93.9344
-0.269132
0.861435
50
50
58
6

4
0
0
716.701
287.749
0.433333
0.3
10
0
0

4
0
0
178.434
384.267
-0.666667
0.866667
10
0
0

4
0
0
291.601
310.275
-0.433333
0.715
10
0
0

4
0
0
617.502
271.215
0.233333
0.266667
10
0
0

4
0
0
276.835
207.423
-0.466667
0.498333
10
0
0

4
0
0
213.168
186.06
-0.6
0.455
10
0
0

3
1
1
0
394.904
407.568
0.41405
-0.0600694
50
50
215
6

4
1
0
106.365
264.726
-0.7
-1.3
10
114
0

4
1
0
391.265
264.726
0.4
-1.3
10
114
0

4
1
0
356.731
342.426
0.266667
-1
10
114
0

4
1
0
323.96
355.956
-0.205016
-1.49427
10
109
0

4
1
0
235.865
256.093
-0.2
-1.33333
10
114
0

4
1
0
253.132
256.093
-0.133333
-1.33333
10
114
0

