2

3
1
1
0
1916.12
432.119
0.41405
-0.538605
50
50
133
6

4
1
0
216.932
808.933
-0.366667
0.411667
10
27
0

4
1
0
649.534
-4486.6
-0.21125
-2.82
10
17
0

4
1
0
10678.1
3869.34
5.11401
2.20884
10
12
0

4
1
0
-818.203
4951.12
-0.833333
2.11892
10
22
0

4
1
0
1754.8
234.879
0.411667
-0.535167
10
17
0

4
1
0
1937.98
730.855
-0.411667
0.233333
10
27
0

3
1
1
0
1917.78
525.504
0.41405
-0.136589
50
50
133
6

4
1
0
1983.96
362.371
-0.39
-0.0333333
10
27
0

4
1
0
476.025
339.98
0.498333
0.26
10
22
0

4
1
0
433.97
262.37
0.476667
-0.563333
10
17
0

4
1
0
1457.02
733.556
0.2
-0.151667
10
27
0

4
1
0
485.979
-2927.4
-2.52685
-8.74374
10
7
0

4
1
0
511.84
74.2375
0.52
-0.166667
10
27
0

