8

3
1
50
0
683.595
262.7
-0.637
-0.48
50
50
153
6

4
1
0
513.66
231.262
0.266667
1.76813
10
32
0

4
1
0
428.394
153.308
0.0666667
1.64317
10
32
0

4
1
0
655.66
230.602
0.6
1.76218
10
32
0

4
1
0
555.894
256.871
0.366667
1.80383
10
32
0

4
1
0
634.36
74.2518
0.338
-2.58288
10
27
0

4
1
0
331.904
163.307
0.348805
-0.365725
10
32
1

3
1
50
0
900.595
262.7
-0.637
-0.48
50
50
153
6

4
1
0
513.66
231.262
0.266667
1.76813
10
32
0

4
1
0
428.394
153.308
0.0666667
1.64317
10
32
0

4
1
0
655.66
230.602
0.6
1.76218
10
32
0

4
1
0
555.894
256.871
0.366667
1.80383
10
32
0

4
1
0
634.36
74.2518
0.338
-2.58288
10
27
0

4
1
0
331.904
163.307
0.348805
-0.365725
10
32
1

3
1
50
0
300.595
262.7
-0.637
-0.48
50
50
153
6

4
1
0
513.66
231.262
0.266667
1.76813
10
32
0

4
1
0
428.394
153.308
0.0666667
1.64317
10
32
0

4
1
0
655.66
230.602
0.6
1.76218
10
32
0

4
1
0
555.894
256.871
0.366667
1.80383
10
32
0

4
1
0
634.36
74.2518
0.338
-2.58288
10
27
0

4
1
0
331.904
163.307
0.348805
-0.365725
10
32
1

3
7
50
0
700.595
262.7
-0.637
-0.48
50
50
153
6

4
1
0
513.66
231.262
0.266667
1.76813
10
32
0

4
1
0
428.394
153.308
0.0666667
1.64317
10
32
0

4
1
0
655.66
230.602
0.6
1.76218
10
32
0

4
1
0
555.894
256.871
0.366667
1.80383
10
32
0

4
1
0
634.36
74.2518
0.338
-2.58288
10
27
0

4
1
0
331.904
163.307
0.348805
-0.365725
10
32
1

1
1
10
1
1150
300
0
0
50
50
10

1
1
10
1
1200
300
0
0
50
50
10

1
1
10
1
1500
300
0
0
50
50
10

1
8
10
1
1000
300
0
0
50
50
10