2

3
1
50
0
683.595
262.7
-0.637
-0.48
50
50
153
6

4
1
1
513.66
231.262
0.266667
1.76813
10
32
0

4
1
1
428.394
153.308
0.0666667
1.64317
10
32
0

4
1
1
655.66
230.602
0.6
1.76218
10
32
0

4
1
1
555.894
256.871
0.366667
1.80383
10
32
0

4
1
1
634.36
74.2518
0.338
-2.58288
10
27
0

4
1
1
331.904
163.307
0.348805
-0.365725
10
32
1

3
1
50
0
683.595
462.7
-0.637
-0.48
50
50
153
6

4
1
1
513.66
231.262
0.266667
1.76813
10
32
0

4
1
1
428.394
153.308
0.0666667
1.64317
10
32
0

4
1
1
655.66
230.602
0.6
1.76218
10
32
0

4
1
1
555.894
256.871
0.366667
1.80383
10
32
0

4
1
1
634.36
74.2518
0.338
-2.58288
10
27
0

4
1
1
331.904
163.307
0.348805
-0.365725
10
32
1