000000000000000000000000000000000000
00000000000000000000000000000000000000000
00000000000000000000000000000000000000000
00000000000000000000000000000000000000000
00000000000000000000000000000000000000000
00000000000000000000000000000000000000000
000                              00000000                                                                                                                                         
000                              00000000                                                                                     
000      66      7               00000000
000                         7    00000000                                                                                                                                        
000                  666         00000000                                                                                     
000     7                        00000000 
000             00               00000000 
000                         777  00000000                                                                                       
000      0000         6          00000000                   
000                              00000000
00000000000000000000000001111111100000000
00000000000000000000000000000000000000000
00000000000000000000000000000000000000000
00000000000000000000000000000000000000000
00000000000000000000000000000000000000000
00000000000000000000000000000000000000000
