000000000000000000000000000000000000
000000000000000000000000000000000000
000000000000000000000000000000000000
000000000000000000000000000000000000
000000000000000000000000000000000000
000000000000000000000000000000000000
000                              000                                                                                                                                         
000                              000                                                                                      
000              0               000 
000                              000                                                                                                                                         
000                    2         000                                                                                      
000     0                        000 
000             00               000 
000                         0 0  000                                                                                       
000      0000                    000                   
000                              000 
000000000000000000000000011111111000
000000000000000000000000000000000000
000000000000000000000000000000000000
000000000000000000000000000000000000
000000000000000000000000000000000000
000000000000000000000000000000000000
