#obstacles
18

11
400
1000
800
100

11
900
950
200
200

11
1100
900
200
300

11
2200
1000
2000
100

11
3300
900
200
300

12
1800
950
650
10

13
2440
900
20
20

13
2460
880
20
20

13
2480
900
20
20

13
2540
900
20
20

13
2560
880
20
20

13
2580
900
20
20

11
3100
900
100
20

11
4400
1000
2000
100

11
2000
0
4000
100

11
50
500
100
1000

11
5450
500
100
1000

11
400
400
200
20
#18
Modo de usar:
id (11 para plataform, 12 para slime e 13 para spike)
posição x do centro
posição y do centro
tamanho em x
tamanho em y